student_id,name,gender,dob,department_id,admission_year,email,phone
1,Deborah Brown,Female,2001-03-06,5,2022,aodonnell@smith.info,001-304-625-7978
2,Kayla Rios,Female,2005-10-27,6,2020,jmurphy@hudson-gilbert.net,704-779-7990
3,Sergio Ware,Male,2002-07-31,3,2022,dcook@hotmail.com,+1-188-258-4394
4,Carmen Lowery,Female,2002-07-27,4,2019,cfitzgerald@taylor.info,692-342-7073x5932
5,Brian Brown,Female,2004-03-21,7,2022,kmiller@hotmail.com,2403644474
6,Shawn Fox,Female,2002-07-13,4,2022,michael14@jackson.com,+1-136-109-2339x7288
7,Leonard Bennett,Male,2002-11-10,4,2021,juarezlisa@gmail.com,+1-236-403-3865x45523
8,Douglas Duncan,Female,2005-09-12,2,2019,johnsonthomas@gmail.com,066-890-2344x8070
9,Angela Gonzales,Female,2001-09-13,4,2021,pwilliams@yahoo.com,659-267-5224
10,Timothy Williams,Male,2002-01-23,5,2020,longrobert@martin.com,452-160-4997x6047
11,James Walter,Female,2004-04-04,2,2022,jimenezjessica@austin.org,578.886.1886
12,Jose Forbes,Female,2001-06-18,4,2022,edward53@jackson.com,001-723-243-7337x6172
13,Lauren Cummings,Male,2000-12-16,2,2020,pamelaparrish@hotmail.com,121-169-3069
14,Kristin Crawford,Female,2002-05-22,5,2021,stanleykimberly@hotmail.com,001-084-021-4593x59498
15,Carlos Hoffman,Male,2002-03-11,5,2019,farleyjames@ortiz.info,001-532-484-6266x52472
16,Christine Hood,Female,2001-07-14,6,2021,deannasilva@yahoo.com,001-398-183-9771x475
17,Paul Warren,Female,2000-12-08,2,2021,nicholasweber@hotmail.com,581-880-9350x72246
18,Joyce Obrien,Female,2002-07-20,7,2019,joseph08@garcia.com,(724)143-6498
19,Loretta Hall,Male,2004-04-16,1,2022,jjohnson@martinez-orozco.com,+1-808-696-7695x877
20,Christina Vasquez,Male,2001-04-15,3,2021,cthomas@hotmail.com,(489)059-3232x9699
21,Matthew Turner,Male,2001-06-04,7,2020,jmckenzie@wilcox.com,001-775-038-7351
22,Mackenzie Cain,Male,2002-08-24,7,2019,james77@gmail.com,(737)607-9094x612
23,Denise Baker,Female,2004-01-07,7,2022,rmay@garcia-marsh.com,079-521-1155x4572
24,Mr. Brandon Hooper,Male,1999-06-03,4,2019,nicholas57@gmail.com,822-274-8956x8091
25,Alejandra White,Male,2002-07-15,3,2020,kevans@gmail.com,+1-820-153-8862x39576
26,David Shaffer,Male,2004-04-24,7,2019,markgalvan@lindsey.com,+1-964-573-2724x19123
27,Hector Kramer,Female,2005-08-05,5,2019,zacharyfreeman@hotmail.com,499-320-3732
28,Amber Padilla,Female,2004-09-30,3,2021,cindythomas@franklin.org,+1-084-751-8088x0503
29,Katie Parker,Female,2004-01-11,7,2020,nathan20@king.com,682.588.6914x4429
30,Carmen Romero,Female,2006-12-12,1,2020,shawn03@yahoo.com,561.530.4156x09704
31,Shirley Murphy,Female,2002-04-11,3,2020,tammy76@williams-boyd.com,(855)629-8174x557
32,Randy Ross DVM,Male,2006-05-16,6,2019,kellystewart@gmail.com,(082)437-4523x8868
33,Alex Baxter,Male,2004-12-11,3,2020,vwyatt@hotmail.com,(550)924-1851x789
34,Mr. Charles Fletcher,Female,2002-10-12,7,2020,sarahoneal@taylor-barker.com,001-605-521-9570x3134
35,Kelly Jones,Female,2002-07-18,5,2020,robertsdavid@rhodes.com,229.229.2496x92008
36,Courtney Myers,Male,2002-02-03,5,2021,suzanneguzman@taylor.info,6544767730
37,Jorge Jones,Female,2000-12-29,6,2020,bailey07@brooks.com,894-688-0573x8470
38,Renee Hoffman,Female,2004-12-20,4,2019,michaelgolden@gmail.com,001-434-406-8696x2941
39,Eric Pollard,Male,2004-06-16,7,2021,bchaney@yahoo.com,+1-242-454-0505
40,Sarah Willis,Female,2002-01-16,2,2020,dtaylor@yahoo.com,+1-671-249-0136x6751
41,Lori Wheeler,Female,2007-03-03,4,2020,uthomas@ramirez-white.biz,001-482-438-0328x72430
42,Ashlee Jones,Female,2000-08-28,5,2021,benjaminhinton@dorsey.org,(201)134-6028
43,Sarah Harmon,Female,2004-10-30,4,2020,daniel48@jordan.net,+1-338-291-5527x075
44,Lawrence Sampson,Male,2004-02-09,3,2019,fcurtis@gmail.com,001-929-308-7559x99553
45,Brianna Cooper,Female,2005-08-24,3,2019,yroberts@barnes.com,001-924-547-4826x693
46,Kelsey Dean DDS,Male,2003-08-01,5,2020,kristenjackson@kerr.com,+1-154-678-6988x1720
47,Wayne Johnson,Female,2006-02-06,7,2019,james53@banks-williams.com,+1-646-425-9571x6082
48,Cynthia Burns,Female,1999-08-11,5,2021,rfields@walker.com,2078834175
49,Steven Cross,Female,2003-03-29,4,2020,jstanton@kim.com,+1-444-249-9754
50,Michael Melton,Male,2004-03-20,4,2021,jonescrystal@hotmail.com,001-672-611-4061x780
51,Shawn Campos,Female,2004-01-18,3,2019,michaelsteven@hotmail.com,001-506-753-4550x07883
52,Julie Bryant,Female,2005-07-17,7,2020,xbaker@hotmail.com,001-196-217-5497x4968
53,Bridget Dominguez,Female,2003-08-25,2,2021,brandon01@gordon-lee.info,328-862-6157x3924
54,Amy Davis,Male,2004-04-30,6,2019,floresannette@rubio.com,001-362-667-8454x4956
55,Lisa Espinoza,Female,2002-09-05,2,2020,howarddenise@green.com,144-918-0713x919
56,Carrie Gallegos,Male,2000-06-11,5,2022,wattsjoseph@ramos.info,(460)986-6510x41183
57,Leah Austin,Male,2006-05-28,4,2019,megan74@hotmail.com,+1-522-702-9311x12262
58,Danielle Lee,Female,2005-08-31,2,2019,patricia95@gmail.com,463-682-1322x6605
59,Jill Gonzalez,Male,2000-06-10,7,2022,nelsonanthony@nelson.biz,001-867-779-2054x64373
60,Gerald Aguilar,Male,2005-12-14,7,2022,robertschristine@jackson.net,559.455.8810x3244
61,James Webb,Female,2005-04-03,4,2021,vthomas@gmail.com,329-305-5396
62,Jacob Webb,Male,2006-12-10,1,2019,alicia42@yahoo.com,828-436-5421x946
63,Charles Rios,Female,2001-11-03,3,2022,brooksbrian@malone-harrington.com,943-958-7638x14456
64,Jason Morse,Male,2002-11-10,6,2020,hermanapril@campos.net,6181976598
65,Cheyenne Davis,Male,2003-07-22,4,2019,dcannon@johnson.org,(628)102-5003x27761
66,Elizabeth Orr,Female,2002-09-26,6,2021,pbennett@ortega.info,+1-050-218-4845x784
67,Gary Wolf DDS,Female,2000-02-07,7,2022,xgarcia@martinez.com,362-450-2186x633
68,Derek Frazier,Female,1999-11-05,4,2019,stewartthomas@gmail.com,695-361-8869x6385
69,Kimberly Cowan,Male,2004-05-15,4,2019,rbond@pham.info,250-424-2982
70,Catherine Hayes,Female,2003-07-19,6,2022,afernandez@yahoo.com,039.477.4191
71,Amanda Craig,Female,2006-11-26,7,2022,wanda38@yahoo.com,(584)957-7240x233
72,Mark Dunn,Female,2005-10-22,7,2022,lstrickland@hotmail.com,015-739-8433x89423
73,Dennis Dixon,Female,2001-12-31,6,2019,fjohnson@welch-smith.info,001-446-579-7703x393
74,James Rivera,Female,2005-05-22,2,2022,kingnoah@reed-joseph.com,(214)099-5486
75,Danielle Moody,Female,2001-12-29,4,2022,jonesjessica@aguirre-fitzgerald.com,063-542-9367
76,Andrew Thomas,Female,2003-05-21,1,2019,tami29@yahoo.com,236-054-5906
77,Kayla Salinas,Male,2003-02-08,2,2019,patricia28@willis.com,(529)984-2220x72382
78,Joshua West,Female,2002-09-09,5,2021,tammy33@gmail.com,386-171-3976
79,Ashley Hill,Male,2006-09-25,5,2020,dominguezcynthia@montoya.com,092-508-8173x112
80,Allison Oneal,Male,2001-04-26,3,2019,tsnyder@hotmail.com,(475)136-2216
81,Zachary Hernandez,Female,2001-07-06,7,2020,georgevillegas@gmail.com,900.788.1072x32255
82,Kelly Medina,Male,2003-05-08,1,2021,johnnysampson@anderson.com,(097)085-9030
83,Justin Hodge,Male,2000-12-09,7,2021,crystalgordon@guerrero-peterson.com,439-701-7284
84,Michael Nguyen,Male,2002-03-08,7,2022,christopher13@houston.com,885-587-3104x2820
85,Cristina Carey,Male,2006-01-18,4,2021,wilsonjulia@gmail.com,001-377-537-7540x4157
86,Jesse Smith,Male,2001-07-24,1,2022,holmesdustin@brown.com,(767)761-4984
87,Darrell Gaines,Male,2003-04-28,5,2022,emilysalazar@gibson-nichols.biz,941-808-5905
88,Anna Miles,Male,2004-03-11,4,2019,joshuamanning@yahoo.com,888.379.7483x931
89,Laura West,Male,2004-06-23,1,2019,william42@gmail.com,180-612-6308x88565
90,George Sanders,Male,2003-04-02,6,2020,rickytorres@yahoo.com,001-228-824-2588
91,Emily Thompson,Male,2001-09-18,2,2022,kristaking@carlson.com,+1-794-165-1855x688
92,Mario Joyce,Female,2002-07-02,4,2022,michelepoole@russell-best.com,(076)246-8761
93,Amber Benitez,Male,2006-09-20,7,2020,uoconnor@yahoo.com,(508)178-8438
94,Danielle Woods,Male,2002-10-24,6,2022,qlewis@hotmail.com,+1-663-570-8380x60641
95,Richard Vargas,Female,2000-10-07,2,2021,michael42@gmail.com,931-903-9512
96,Deborah Ortega,Female,2007-02-27,1,2022,eholland@yahoo.com,948-761-2171x72971
97,Marc Thompson,Female,2003-04-26,4,2022,harmonlindsey@jordan.biz,(825)729-5229x8037
98,Craig Stone,Male,2006-10-12,7,2022,christianallen@hotmail.com,339-373-6675x92446
99,Steve Bowman,Male,2000-09-03,3,2019,brian90@yahoo.com,3991406512
100,Teresa Phillips,Male,2002-05-04,3,2021,xphillips@greene.biz,001-600-418-7763x8706
101,Sarah Wilson,Female,2006-06-30,5,2022,greenejessica@gmail.com,001-525-057-7296x0205
102,James Clark,Male,2006-05-12,6,2021,cmitchell@hudson-powell.com,2498462728
103,Darrell Lawrence,Male,2007-04-19,4,2021,ebrown@gmail.com,158.787.6323x3258
104,Bryan Sweeney,Female,2000-10-27,6,2021,stewartjoshua@alvarado.com,8325034469
105,Michael Martin Jr.,Female,2000-09-21,1,2020,ayalarebecca@moore-morrison.org,265.711.5382
106,Ann Young,Female,2006-03-21,7,2022,manningjoseph@alvarez-wilson.net,094-425-2221x2238
107,Yvonne Austin,Male,2005-11-25,3,2019,gperkins@yahoo.com,534.919.3565x484
108,Karen Johnson,Male,2002-04-07,7,2019,amanda19@reyes.com,001-614-894-4119
109,Mr. Wesley Huff,Male,2007-01-27,6,2019,bcallahan@mann.com,+1-325-845-3965x758
110,Elizabeth Richards,Male,2005-12-03,7,2019,timothy37@miles-hudson.com,001-409-689-9178x09922
111,Brenda Wong,Female,2006-03-23,5,2022,padams@smith-frederick.com,306.030.0549
112,Alexander Young,Male,2000-08-23,4,2019,hudsonjessica@yahoo.com,4175598721
113,Steven Wolf,Male,2003-10-29,3,2021,morenojennifer@hotmail.com,288.831.4868x281
114,Tyler Foster,Female,2005-04-11,6,2020,yreed@hotmail.com,(672)897-5550x47009
115,Angela Nguyen,Female,2006-02-08,6,2019,imendez@yahoo.com,670.455.5936x00029
116,Jessica Long,Female,2003-10-16,7,2021,shawbrandy@barnes.com,4240249621
117,Luis Lee,Male,2002-08-08,4,2019,daleleonard@walsh-contreras.com,+1-013-118-9214x47249
118,Kevin Higgins,Female,2001-02-05,7,2022,harveycurtis@elliott-martin.org,2651876772
119,William Ferguson,Male,2001-04-10,5,2021,anita86@price.com,220.087.0906
120,Mike Herring,Female,2003-06-22,1,2022,rbolton@hotmail.com,(035)960-7529x3936
121,Peter Norton,Female,2006-05-25,5,2019,matthew65@peterson-gordon.com,864.693.6995x79609
122,Tracy Keller,Male,2006-07-02,1,2021,shannon69@nichols-clements.com,(118)776-4890
123,Lisa Sims,Female,2004-02-16,2,2021,adamspatrick@moore.info,+1-022-023-1280x75516
124,Sabrina Mcconnell,Female,2001-08-12,6,2021,brandy29@yahoo.com,001-601-796-3646x1142
125,Natalie Rivera,Female,1999-10-26,6,2019,nicolecarter@yahoo.com,(187)707-6241
126,Edwin Jones,Male,2000-11-12,3,2020,muellermark@clark.com,447-901-7004
127,Ray Campbell,Female,2005-04-03,2,2020,kellis@gmail.com,+1-231-585-1641
128,Ms. April Rice DDS,Male,2005-06-15,6,2022,kimberlyherring@jarvis.com,+1-004-008-5052x60065
129,Hannah Adams,Female,2003-01-23,1,2020,michelleperez@hotmail.com,001-775-884-0093x675
130,Mr. Brad Scott,Female,2003-04-30,4,2019,jacob59@roberts.com,001-742-613-4386x5749
131,Candice Brown,Female,2004-10-30,1,2021,shale@ortiz.com,364.890.6056
132,Sheila Medina,Female,2004-10-16,7,2021,wilsonkevin@parker-edwards.com,227-802-7652x0346
133,Kelly Ritter,Female,2005-10-24,6,2019,jenkinsdanielle@king.com,785-063-0813
134,Adrienne Yoder PhD,Female,2001-03-03,6,2021,leeantonio@hotmail.com,685.747.6634x4682
135,Benjamin Jones,Male,2001-06-08,7,2020,jessica77@flowers.com,+1-285-471-3956x15536
136,Kathy Brooks,Male,2004-10-02,1,2022,stephanieayala@gmail.com,727.488.6104x93010
137,Marissa Weeks,Female,2003-11-04,4,2019,zgardner@yahoo.com,166-956-5946
138,Donna Walker,Female,2001-03-17,2,2021,jasonmartinez@hotmail.com,+1-941-605-8048
139,Kevin Shaw,Male,2005-12-20,6,2019,cgardner@tucker-smith.info,6988502656
140,Jennifer Sparks,Female,2003-01-12,3,2020,annayoung@sanders.com,+1-657-995-2676x4263
141,Ruben Baker,Female,2005-10-23,1,2021,gkoch@gmail.com,(732)951-3218x42014
142,Miranda Evans,Female,2005-10-03,1,2021,heather38@miller.biz,243.037.1853x2199
143,Nicholas Martin,Male,2002-11-02,3,2021,samantha00@hotmail.com,077.095.9848x8460
144,James Ponce,Female,2001-07-26,7,2021,heidi94@jordan.net,+1-164-630-4703x0652
145,Bill Johnson,Female,2003-10-09,1,2019,uavila@green.com,(770)586-4814
146,Randy Chang,Male,2003-06-01,3,2020,meyerdaniel@gmail.com,+1-897-314-2880
147,Sue Carpenter,Female,2003-10-09,3,2020,jonestammy@hotmail.com,001-659-737-4950x495
148,Taylor Coleman,Male,2001-07-19,3,2022,latkinson@little.com,001-832-471-0063x7043
149,Hannah Caldwell,Female,2006-04-30,4,2019,andrewmccall@yahoo.com,+1-106-577-2242x3496
150,Katie Pham,Female,2005-11-04,2,2020,walkersteven@soto.biz,001-505-183-7654x1876
151,Rachael Wheeler,Female,2004-04-26,2,2019,ghatfield@patrick.com,871.071.8396x78380
152,Sharon Hines,Female,2000-09-01,5,2019,johnsonrichard@robinson.org,+1-414-584-1951x7799
153,James White,Female,2000-06-03,4,2020,bruceevans@hotmail.com,597-074-7476x59833
154,Daniel Freeman,Male,2005-06-09,5,2022,hopkinsann@yahoo.com,+1-177-855-7108x7125
155,Dustin Mcdaniel,Male,2004-03-25,6,2022,colonkyle@woods.com,743.254.9645x035
156,Christopher Wilson,Male,2000-05-12,7,2022,sparksthomas@mitchell-johnson.info,001-200-073-0623x681
157,Mr. Thomas Valencia,Male,2001-11-27,2,2021,zhester@hotmail.com,001-076-144-3694x444
158,Austin Cox,Female,2000-04-01,2,2020,timothyedwards@joseph-henderson.net,755-036-4653x891
159,David Rogers,Female,2001-10-27,2,2021,bwhite@hotmail.com,+1-969-189-3026x712
160,Michael Duncan,Male,2004-05-02,1,2021,nmarsh@stanton-foster.net,3260385140
161,Timothy Bennett,Female,2001-07-01,5,2021,nicholashanson@gmail.com,255-843-6258x325
162,Nicholas Bass,Female,2005-11-05,7,2019,wsimmons@yahoo.com,+1-872-940-7866x9509
163,Leah Hickman,Female,1999-12-26,4,2019,daymelissa@cruz-wilson.net,+1-263-799-4096x40700
164,Alicia Maxwell,Male,2006-06-05,5,2020,fisherrachel@torres-barnes.com,001-951-333-9308x701
165,Rachel Thomas,Male,2006-05-03,6,2020,agonzalez@vazquez-chandler.com,225.218.6354
166,Katelyn Shepherd,Female,2005-10-21,2,2019,cindy31@gmail.com,8819454709
167,Lisa Peterson,Male,1999-12-26,4,2019,timothysimmons@lozano.com,134.565.9868
168,William Patton,Female,2004-01-24,5,2021,jessicacunningham@yahoo.com,(736)403-8469
169,Katherine Vega,Male,2003-04-15,2,2022,benjaminwood@ferguson-kim.info,(025)989-0401
170,Eric Moyer,Female,2006-07-10,2,2022,lozanochristopher@gmail.com,057.473.5726
171,Michael Smith,Female,2004-08-06,4,2022,davissusan@fuller-hall.com,001-036-872-0192x70389
172,Timothy Rush,Female,2004-10-10,6,2022,flewis@gmail.com,326-435-0916
173,Dawn Griffin,Female,2000-04-09,3,2022,handerson@hotmail.com,+1-143-102-9844x334
174,Alexis James,Female,1999-10-30,4,2021,jenniferdyer@hotmail.com,073.644.7141x595
175,April Villegas,Female,2002-12-28,3,2020,knightkevin@garcia-hammond.com,+1-507-714-3298x0776
176,Chris Dickson,Female,2004-05-25,6,2019,ulynn@farrell.com,+1-792-509-2563x7373
177,Stephen Bowman,Female,2005-06-12,1,2021,theresa55@wilson-ortiz.com,625.446.2612x61979
178,Dwayne Morrow,Female,2005-06-19,7,2022,gmaynard@sanchez-preston.com,281.097.1310x0611
179,Audrey Phillips,Female,2004-03-15,4,2019,sandersshannon@yahoo.com,422.503.6389x90551
180,Sarah Richardson,Female,2003-02-27,3,2021,brooksadam@hotmail.com,(410)633-6164x46173
181,Michael Bullock,Male,2000-02-23,6,2022,sydney22@lewis.biz,+1-238-989-7828x491
182,Erin Davis,Male,2001-11-12,5,2021,miguel01@keller.biz,(382)418-2983x43401
183,Diana Cooper,Male,2005-05-27,2,2019,jason54@jones-pham.com,025-634-2996x905
184,Jessica Scott,Female,2003-09-18,1,2020,rachelmcdonald@yahoo.com,(127)655-8999
185,Peter Hubbard,Male,2003-03-06,4,2022,kellerkendra@johns.com,3543263398
186,Angela Perez,Male,2005-04-12,3,2019,claudiastafford@sharp.com,+1-872-834-4365x82639
187,Katie Scott,Male,2002-08-01,5,2019,kristaberry@hotmail.com,058-607-5811
188,Kevin White,Male,2005-12-19,3,2020,wardjackie@yahoo.com,874-282-3756x6426
189,Tommy Sullivan,Female,1999-11-18,6,2021,mbrown@yahoo.com,(472)847-0334x8110
190,Cameron Goodwin,Female,2004-10-09,4,2020,khaneric@moore.com,001-756-487-7949x4476
191,Norman Lewis,Female,2005-10-03,6,2020,jonesjody@yahoo.com,(910)859-1255x155
192,Keith Mendez,Male,2002-06-11,3,2021,gonzalezedwin@hotmail.com,(338)630-8106x25579
193,Michael Reed,Male,2004-11-27,4,2021,stephen86@gmail.com,728.453.3398
194,Rachel Edwards,Female,2003-10-26,7,2021,candice95@hotmail.com,+1-272-786-5476
195,Richard Anderson,Male,2004-07-30,3,2019,walkerdaniel@franco.com,830-934-7675x9649
196,Leah Torres,Female,2004-10-31,2,2019,cross@whitney.com,001-298-820-4033x25174
197,John Martinez,Male,2002-02-25,4,2022,williamsmith@lee.com,366.754.2114
198,Michelle Carroll MD,Female,2004-12-21,7,2022,jessica56@mcdonald-webb.net,223-971-3055x610
199,Lisa Jones,Male,2000-05-25,4,2020,christopher15@grant.net,435-488-7488x0123
200,Scott Mcgee,Male,2005-04-30,1,2020,teresa37@gmail.com,4409311260
201,Arthur Burke,Female,2004-06-22,2,2022,robertwalker@yahoo.com,001-878-028-4375
202,Tyler Hernandez,Male,2005-10-23,4,2020,jeremybennett@yahoo.com,137.196.3586x917
203,Jill Gordon,Male,2001-08-31,5,2021,xscott@yahoo.com,197-117-1807
204,Elizabeth Mcfarland,Female,2003-03-07,3,2019,kathleen11@miles-smith.com,986-691-8641x20946
205,Timothy Maynard,Male,1999-07-24,5,2022,carlamckinney@gmail.com,5334749387
206,Chloe Lawrence,Female,2001-07-22,3,2019,brownsally@gmail.com,892-662-1065x268
207,Javier Crawford,Male,2004-10-20,6,2022,brendajones@torres.biz,499-829-9680
208,Nicole Espinoza,Male,2002-11-26,3,2019,dennismcintosh@garrison.com,001-912-292-9795x5286
209,Julie Smith,Female,2000-04-29,1,2022,millerjames@lambert-wilson.com,+1-521-382-0627x687
210,Jennifer Pennington,Female,2006-06-19,7,2019,uturner@yahoo.com,+1-807-235-1485x0579
211,Jade Crawford,Female,2005-01-07,6,2021,mhernandez@caldwell.com,+1-695-525-8565x29899
212,Rachel Bowen,Female,2002-02-24,4,2022,nmitchell@yahoo.com,(643)103-7378
213,Timothy Fuentes,Female,2006-07-03,3,2022,fthompson@dunn-sampson.info,(627)828-0247x6680
214,Jessica Torres,Male,2005-12-11,1,2022,hsimmons@hotmail.com,001-108-840-5101x2179
215,Ashley Rice,Male,2002-04-02,5,2021,balljoshua@hicks.com,315.849.4524
216,Patrick Harris,Female,2000-09-02,7,2019,hfuller@gmail.com,+1-613-843-1651
217,Jeffrey Carpenter,Female,2000-04-09,6,2022,sotochristopher@yahoo.com,001-936-737-6573x658
218,Jacob Perry,Male,1999-11-24,7,2019,wmartin@yahoo.com,467.858.1192x197
219,Gail Peterson,Male,2003-03-02,6,2021,alexandriacompton@nelson-anderson.com,001-409-629-8027x2235
220,Michelle Brown,Female,2004-07-24,1,2020,bryansmith@franklin.net,001-271-489-1244
221,Elizabeth Wood,Female,2006-02-20,5,2022,charlesjones@yahoo.com,+1-428-321-2439x874
222,Brittany Henderson,Male,2002-08-06,6,2021,robertzamora@turner-barajas.com,095.502.1989x211
223,Ryan Miller,Male,2004-03-15,4,2019,crystalzhang@yahoo.com,(549)378-7906
224,Theresa Lowe,Male,2005-04-07,7,2022,anthonysanchez@king.org,(873)397-8326
225,Mr. Edward Moore MD,Male,2005-12-03,3,2019,debbieriley@tran.info,(865)257-8491x6190
226,Tristan Gomez,Female,2002-05-14,7,2020,jessica13@hotmail.com,145.199.2689x25630
227,John Hernandez,Male,2006-07-25,7,2022,lpratt@smith.com,789.474.5756x8294
228,Miguel Stewart,Male,2004-08-06,2,2022,qmendoza@orozco.com,(149)707-4794x2713
229,Lisa Holmes,Male,2000-12-08,5,2019,llopez@gmail.com,428-820-9081x388
230,Helen Flores,Female,1999-09-26,7,2022,brittanymarshall@wilson.com,696-114-0270x69473
231,David Harper Jr.,Male,1999-07-22,3,2021,njones@davis-bonilla.com,+1-576-022-3274x66139
232,Michael Williams,Female,2006-08-07,2,2021,michaelsimon@cox.com,509.109.6728
233,Tracy Keller,Female,2006-04-01,6,2020,rodriguezjeffrey@taylor-garrison.com,288.758.4533x706
234,Heidi Williams,Female,2001-06-09,2,2021,williamfranklin@hotmail.com,+1-955-739-5141
235,Joshua Simmons,Female,2004-02-03,5,2020,joseph20@yahoo.com,001-987-390-2517x16381
236,Edward Mora,Female,2000-01-15,3,2019,deanwagner@yahoo.com,001-694-737-8816x053
237,Amy Brown,Female,2001-01-02,6,2019,ojackson@thompson-clark.com,001-306-609-2600x7657
238,William Chambers,Male,2003-02-22,7,2020,kennethrobertson@white-cole.biz,746.243.2277
239,Jay Floyd,Male,2005-08-05,6,2021,ujohnson@hotmail.com,983-897-0343
240,Christopher Gonzalez,Male,2004-03-21,7,2021,rjones@hotmail.com,+1-020-503-4077x626
241,Logan Ross,Male,2006-10-09,6,2020,dwaynesilva@davis.org,206-665-2819x52683
242,Tara Hines,Female,2003-05-26,6,2020,sandra34@gmail.com,+1-255-474-1227x3807
243,Ashley Li,Male,2003-11-11,7,2019,sbarnes@hotmail.com,+1-602-029-9580x223
244,Anthony Lewis,Male,2001-01-12,2,2020,rachael28@gmail.com,260.413.9592x131
245,Brian Jensen,Male,2006-04-16,6,2021,jill03@yahoo.com,651.249.9005x2659
246,James Oneill,Male,2002-08-21,1,2020,erica28@hotmail.com,(166)072-6721x184
247,Cynthia Cummings,Male,2001-04-25,6,2020,josephdowns@jones.net,6189486941
248,Kenneth Ballard,Male,2000-10-26,6,2020,youngjohn@hotmail.com,001-038-057-1361x52326
249,Stephanie Castillo,Male,2005-03-17,1,2019,jacksonmatthew@underwood.com,085-093-6128x5838
250,Rebecca Gross,Female,2001-04-28,3,2020,sanderselaine@myers.com,(364)487-9961
251,Donald Davidson,Female,2006-02-19,7,2022,ithompson@gmail.com,+1-846-487-1357x702
252,Steven Dunn,Female,2000-01-02,4,2022,tiffanysanchez@lewis.com,001-768-623-7977x018
253,Christine Stark,Female,2000-11-11,1,2022,whitelee@gmail.com,610-726-9029x001
254,Jeffrey Reyes,Male,2006-11-15,5,2021,wendykaufman@rivera-aguilar.com,821-265-2122x4913
255,James Nelson,Male,2001-12-16,3,2021,jennifer51@gmail.com,087.745.7583x46505
256,Teresa Bell,Female,2004-08-02,6,2020,lhiggins@yahoo.com,001-821-142-5841
257,Laura Gardner,Female,2003-07-13,2,2022,kelly00@gmail.com,+1-422-555-4173x2658
258,Sara Fields,Female,2000-12-06,1,2019,brian39@gonzalez.com,001-457-912-4834x09175
259,Don Christensen,Male,2002-09-13,3,2022,onichols@hotmail.com,870-200-5617x718
260,Rachel Cooper,Male,2001-09-02,3,2022,dwayneanderson@yahoo.com,(028)940-8288
261,Patricia Griffin,Female,2000-02-18,6,2021,smiller@lambert.com,934-018-4002x54545
262,Kellie Burnett,Male,2007-02-16,4,2021,cmaxwell@ward.info,705.503.0856x193
263,Andrew Howard,Female,2002-08-15,2,2019,davischristina@gmail.com,469.117.6964x006
264,Thomas Jensen,Male,2003-03-25,2,2021,joseph89@le.com,144.262.8929x71878
265,Lawrence Nash,Male,2000-04-13,2,2019,jennifermiller@yahoo.com,046-204-4372x23827
266,Wanda Steele,Male,2002-06-15,7,2021,melissa99@knight.info,(661)392-6404x9886
267,Matthew Galloway,Female,2001-01-26,5,2022,nclark@yahoo.com,001-918-392-4443x93528
268,James Matthews,Male,2005-05-06,3,2022,rachel49@yahoo.com,382.205.3373x0271
269,Amanda Barnes,Male,2000-01-01,5,2019,karentorres@gmail.com,001-765-426-3791x082
270,Erica Bryan,Male,2000-06-01,5,2019,andremcdonald@gmail.com,+1-525-784-6470
271,Melanie Garcia,Male,2004-07-30,3,2021,jamesthomas@martin.com,189-046-4632x9520
272,James Davis,Female,2005-04-04,7,2021,mackenzie22@hotmail.com,001-520-177-2992x171
273,Michael Phelps,Female,1999-10-11,2,2019,donnagoodman@mitchell.com,703.279.0555
274,Michael Mcdaniel,Female,2006-01-20,3,2019,fhall@stanley.info,(325)743-6628
275,Michael Martinez,Male,2002-06-08,7,2022,stacy63@jones.org,781-492-7219
276,Joshua Brown,Female,2004-10-21,4,2022,donaldsnyder@hotmail.com,491-947-4810x364
277,Blake Powell,Female,2005-05-07,7,2019,robinsonlance@yahoo.com,+1-183-659-3808
278,Jay Rush,Female,2000-06-25,3,2022,danielduncan@randall-turner.com,121-034-7548
279,Christina Bartlett,Female,2006-07-08,6,2020,keithtrevor@wood-kemp.com,(610)796-8076
280,Jennifer Estrada,Female,2000-06-27,7,2021,kathleenstone@meyer-douglas.com,+1-328-444-0999
281,Erin Brooks,Female,1999-10-28,3,2022,charles69@yahoo.com,001-537-855-6666x23533
282,Angela Johnson,Male,2001-03-26,7,2020,sarahhawkins@yahoo.com,174-082-0075x742
283,Alexander Payne,Male,2005-01-03,1,2019,allisonschmidt@jennings.com,001-055-291-3782x42352
284,Kathryn Hutchinson,Female,2006-10-31,4,2022,michaelthomas@hotmail.com,001-061-463-7019x9992
285,Robert Barr,Female,2005-07-14,1,2019,nancy43@yahoo.com,+1-971-653-0928x4479
286,Daniel Yu,Female,2003-08-02,2,2021,melissa92@hotmail.com,390.814.6146x330
287,Michelle Rivera,Male,2000-06-09,7,2019,james00@yahoo.com,001-679-921-0403x78185
288,Justin Holder,Male,2001-01-26,2,2020,dthompson@reyes.org,+1-022-798-0654x945
289,Randy Rhodes,Male,2004-10-31,7,2019,angela71@thomas.com,716.844.5279x7886
290,Timothy Diaz,Male,2006-11-30,6,2020,bradley76@riley-smith.biz,001-105-268-3847x564
291,Miranda Mahoney,Female,2003-04-01,6,2022,kelly64@harper.com,174.000.6497
292,Jamie Herrera,Male,2001-03-02,6,2022,ujones@hotmail.com,7751254556
293,Megan Sanchez,Male,2002-02-09,4,2020,pooletraci@prince.biz,396.414.3611x644
294,Shelby Ellis,Female,2005-04-01,7,2021,johnstonabigail@hotmail.com,+1-364-392-0613
295,Daniel Collins,Female,1999-08-16,7,2021,melissa44@hughes.com,001-865-729-4331x1442
296,Brian Carlson,Female,2005-01-03,5,2021,swright@mahoney.com,883.839.0409
297,Julie Curtis,Male,2003-09-29,3,2022,beasleytracy@boyle.net,196.043.5176x955
298,Logan Wolf,Female,1999-08-15,1,2022,john93@gmail.com,815.944.7232
299,Nathan Jones,Female,2005-02-14,7,2021,smithkayla@hotmail.com,675.118.5155x658
300,Patrick Jenkins,Male,2001-10-19,4,2019,fbrown@wang.info,999.260.3606
301,Sandra Peters,Female,2001-03-29,1,2021,jchapman@hotmail.com,784.980.1355
302,Janet Taylor,Female,2006-03-17,3,2019,tiffany00@jacobs.org,(940)385-9836x51691
303,Adam Powers,Female,1999-11-16,5,2021,johnsonsamantha@gmail.com,4289533361
304,Anthony Vasquez,Female,2005-05-07,1,2019,kimberlyschultz@hernandez-douglas.com,072-477-9847
305,Keith Rodriguez,Female,2004-08-12,4,2022,dominguezsandra@richard.com,(014)640-7885
306,Sarah Marks,Male,2005-12-15,3,2021,martinezcraig@yahoo.com,(425)890-7716x0294
307,Marcia Sanchez,Male,1999-09-12,6,2021,joshua96@miller-davis.com,(035)456-7840x3026
308,Emily Hughes,Female,2000-01-11,6,2020,markramirez@yahoo.com,895-064-6247
309,David Nelson,Female,2005-01-13,6,2021,george17@gmail.com,053.519.2599x68215
310,Jesus Garcia,Female,2001-11-05,3,2019,perezdavid@yoder.com,001-961-430-1768x38232
311,Christopher Maldonado,Female,2001-03-24,5,2020,edwardsbrandy@hawkins-hensley.com,203.236.9333x603
312,Casey Blair,Female,2003-07-08,4,2021,michael73@smith-cantu.net,9211976235
313,Elizabeth Davis,Male,2005-05-27,7,2021,moneill@gmail.com,837-350-1382x947
314,William Parker,Female,2004-07-07,6,2022,evansstephen@thompson-shaffer.com,001-086-202-0253x05358
315,Robert Hayes,Male,2007-02-07,3,2020,mary31@yahoo.com,(121)794-9864x69985
316,Dustin Allen,Female,2005-01-15,1,2019,garciajeffrey@ochoa.com,6331011040
317,Jose Rowe,Female,2004-12-21,6,2021,thumphrey@hammond-vasquez.net,954-921-2544
318,Michelle White,Female,1999-12-08,2,2022,morrisjeanne@yahoo.com,+1-703-498-6730
319,Paul Higgins,Male,2000-09-15,4,2021,sarahwalker@harris.com,755.579.8127x94972
320,Michelle Alvarez,Female,2004-11-17,1,2020,ywagner@rubio.org,+1-262-658-5897x8129
321,Derek Harris,Male,2006-12-05,5,2019,reginald64@juarez.com,205.826.4266x16093
322,Donna Kim,Female,2003-06-21,5,2022,qochoa@hotmail.com,625-285-4199x0467
323,Sean Robbins,Female,2003-03-07,3,2021,mshort@thornton.net,001-374-335-8527x650
324,Victor Cantrell,Male,2002-12-08,5,2019,glopez@carr-gray.com,127-730-1190x3392
325,Lisa Miller,Male,2003-01-15,2,2021,wolson@gmail.com,588-076-4316
326,Pedro Santiago,Female,2004-03-01,6,2021,milleraimee@richards-suarez.com,(279)544-9773x431
327,Tammy Flores,Female,2000-03-16,1,2020,andrewarcher@yahoo.com,626.792.6908x2774
328,Rodney Francis DDS,Female,2006-10-30,6,2020,elizabeth79@yahoo.com,(257)673-5311
329,Lauren Allen,Male,2006-03-19,7,2021,othompson@gmail.com,249.933.2154x93413
330,Lori Rogers,Male,2006-10-16,4,2022,erinpayne@boyd.com,409-299-1554
331,Edwin Salas,Female,2007-01-25,6,2020,susan43@buchanan.com,2665852120
332,Dylan Johnson,Male,2004-12-10,3,2020,stanleydawn@silva.org,001-341-360-8667
333,David Goodman,Female,2001-10-02,6,2020,pbishop@freeman.org,+1-758-865-5728x478
334,Patricia Wilson,Female,2000-01-12,4,2020,hkim@edwards-silva.info,+1-871-496-1822x4303
335,Bob Snow,Female,2002-04-18,1,2019,williamsjason@yahoo.com,001-960-381-3076x1527
336,Patricia Hill,Male,2005-08-04,2,2021,anita50@yahoo.com,968-354-3642x12099
337,Ethan West,Male,2007-05-22,1,2019,kelly67@smith.com,001-873-1510x7980
338,Lisa Mendez,Male,2002-04-17,1,2019,kgray@ramirez-walls.com,710-180-3093x7025
339,Michelle Hicks,Male,2000-12-04,3,2021,eric47@williams.biz,001-337-145-2407x183
340,Michael Nelson,Female,2000-01-06,4,2020,griffithevan@yahoo.com,+1-105-261-3266x29705
341,Brandy Johnson,Male,2000-03-12,1,2022,christinamontoya@brown.com,001-514-148-7557
342,Virginia Ramos,Female,2003-04-24,1,2020,benjamin43@hotmail.com,+1-821-613-3175x717
343,Danielle Russell,Male,2003-12-15,2,2020,zfisher@yahoo.com,502.243.0629x350
344,David Oconnor,Male,2002-07-10,5,2020,barbaragood@brown.com,100.703.8145
345,Alicia Small,Male,2006-07-17,2,2020,ldavis@yahoo.com,(839)235-7734
346,Heidi Gordon,Female,2005-07-01,4,2022,stephanie75@dennis-howard.com,+1-066-869-0648
347,Kelsey Martinez,Male,2003-02-08,4,2019,jessicalane@grant.biz,001-717-687-6362x623
348,Samantha Herrera,Male,2006-03-09,3,2022,pittskeith@gmail.com,(288)253-2402x56233
349,Kimberly Chang,Female,1999-11-12,6,2021,murphyjason@hotmail.com,+1-466-734-2786x79938
350,Richard Martinez,Female,2001-11-16,6,2020,hgonzalez@yahoo.com,319-394-2323x1488
